634099810
16 16
16 16
16 16
16 16
16 16
16 16
16 16
16 16
16 16
16 16
16 16
16 16
16 16
16 16
16 16
16 16
16 16
16 16
15 16
14 16
14 16
14 16
14 16
14 16
14 16
14 16
14 16
13 16
13 16
13 16
13 16
13 16
13 16
12 16
12 16
12 15
12 15
12 15
12 15
12 15
11 15
12 14
11 15
11 13
11 8
12 7
11 8
12 7
11 7
12 7
11 6
11 7
11 6
10 7
11 6
10 7
11 7
11 6
11 7
11 6
10 7
11 6
11 6
11 5
11 5
11 5
11 4
11 5
11 5
11 5
11 4
11 5
11 4
10 5
10 5
11 5
10 5
10 4
9 5
10 4
10 5
10 4
10 5
10 4
11 4
10 4
10 4
11 4
10 4
10 4
10 4
10 3
10 4
10 2
10 2
10 3
10 2
10 0
10 0
9 1
10 1
10 2
10 3
9 3
9 4
9 4
8 5
9 3
9 3
10 2
10 1
10 1
10 1
10 2
10 2
9 2
9 2
9 2
9 2
9 2
10 3
10 2
10 2
9 2
10 3
9 4
10 4
10 4
10 4
10 4
10 4
10 5
10 5
10 5
10 4
11 3
11 3
10 4
10 4
10 4
10 4
11 4
10 4
10 4
10 4
10 4
10 4
10 4
11 4
10 5
10 4
10 4
10 4
10 4
10 4
11 4
10 5
10 6
9 4
9 3
9 2
9 2
9 3
9 2
9 2
9 2
9 2
9 2
9 2
9 1
9 1
10 1
10 1
10 1
10 1
10 2
10 1
9 1
10 1
10 2
10 2
10 3
10 3
10 3
10 3
10 3
11 3
10 4
10 4
9 4
9 4
9 4
9 4
9 4
10 4
10 3
10 3
10 4
10 4
10 3
10 3
10 3
10 3
10 3
10 3
10 3
10 3
10 4
9 4
9 4
9 3
10 3
10 3
10 3
10 3
9 4
10 3
11 3
10 5
10 3
9 2
9 1
9 2
9 2
9 2
8 2
7 2
11 0
11 0
11 0
11 0
11 0
11 1
10 2
10 2
10 1
10 0
10 0
10 -1
10 -1
11 -2
10 -2
10 -1
10 -1
11 -1
11 -1
10 0
10 0
10 0
10 1
10 1
10 1
10 1
10 1
10 1
11 1
10 2
10 3
10 3
10 2
10 2
14 0
15 0
15 -1
15 -1
15 -1
14 0
15 1
16 0
16 0
15 0
16 -1
12 2
12 1
13 1
12 2
12 2
12 2
11 2
12 2
12 1
11 1
8 2
9 2
8 4
6 6
8 4
9 4
7 4
6 5
7 4
4 5
3 4
3 4
3 4
3 4
4 3
4 4
6 4
6 5
7 5
7 4
8 4
7 5
8 4
8 4
8 4
8 2
7 2
6 3
6 3
6 4
6 5
7 5
7 6
9 5
10 5
11 5
11 5
11 5
11 5
11 5
10 5
10 5
10 4
9 4
10 3
11 2
12 1
13 1
13 1
14 0
14 0
14 0
14 -1
14 -1
14 -1
15 -1
15 -1
15 -1
14 -1
14 -1
14 -1
14 -1
14 -1
14 0
14 0
15 0
14 1
14 2
14 2
14 2
14 3
14 4
14 5
15 5
14 5
14 5
14 5
13 6
13 7
13 8
13 8
13 8
13 8
13 9
13 9
13 9
12 10
13 9
13 9
12 10
11 10
11 10
11 10
11 10
11 10
11 10
11 10
11 10
10 11
10 11
10 10
10 10
10 11
10 11
9 11
9 11
9 11
10 11
9 11
9 11
9 11
9 11
9 11
10 10
10 11
9 11
9 11
9 11
9 11
9 11
10 11
10 10
10 10
10 10
10 10
10 11
11 10
10 10
10 11
10 10
10 10
10 11
11 10
11 10
11 10
12 10
11 10
11 10
12 10
12 10
12 10
12 10
13 9
13 9
13 9
13 9
13 9
13 9
14 9
14 9
14 9
14 9
14 9
14 9
14 9
15 9
14 9
15 9
15 9
14 9
15 9
15 8
14 9
14 9
14 9
14 9
14 9
15 9
14 10
14 9
14 9
15 9
14 9
15 8
14 9
14 9
14 9
15 9
14 9
15 9
14 9
15 9
14 9
14 8
14 9
14 8
15 8
14 9
14 9
14 9
14 9
14 8
14 9
14 9
15 7
15 8
15 8
14 8
14 9
14 9
15 8
15 9
15 8
14 8
15 9
14 9
15 8
15 8
14 9
14 8
15 8
15 8
14 8
15 8
15 8
15 8
15 8
15 8
15 8
14 9
15 8
14 8
14 8
14 8
14 9
15 8
15 8
15 8
15 8
14 8
14 9
14 9
14 9
15 8
14 9
14 8
14 9
14 8
14 8
15 7
14 8
13 9
15 8
14 8
14 7
14 8
13 9
14 8
14 8
14 8
14 8
14 9
14 8
14 8
14 8
13 7
14 7
15 7
14 7
13 7
14 8
14 9
15 8
15 8
2 1
7 7 7 7 7 7 8 8 8 7 8 9 9 8 8 7 8 9 8 8 8 8 9 9 10 10 11 9 9 9 8 8 8 8 9 8 8 9 9 8 8 8 9 8 9 8 8 9 9 10 10 10 8 8 8 8 8 9 8 9 9 9 8 8 9 9 9 8 8 9 10 10 10 9 10 11 11 11 11 12 12 11 11 12 12 12 11 11 11 12 13 14 14 14 14 14 14 15 13 13 14 14 13 12 12 13 13 14 14 14 14 14 14 14 14 13 13 13 12 13 13 10 9 9 9 9 9 9 9 8 7 7 7 7 7 7 7 7 7 7 7 7 7 7 7 7 7 7 7 7 8 8 8 9 9 9 10 10 10 10 11 11 11 10 9 8 8 7 9 9 8 8 7 6 6 7 7 7 6 7 7 7 7 7 7 7 8 10 10 9 8 9 9 9 9 9 10 10 9 9 9 9 9 9 8 7 7 6 6 6 6 6 5 5 5 5 4 4 4 4 4 4 4 4 5 5 5 5 7 7 7 6 6 6 6 6 7 8 8 7 6 6 6 5 5 5 5 5 4 4 4 4 4 4 4 4 3 4 4 4 4 4 4 4 4 4 5 5 4 6 6 6 5 6 6 6 6 6 7 9 7 7 6 6 6 6 6 7 6 5 4 4 4 4 4 4 4 4 4 4 4 4 4 4 4 4 4 4 4 4 5 7 7 7 7 7 7 7 7 6 7 7 6 5 5 6 5 6 6 6 8 6 6 5 5 5 5 5 5 5 5 5 5 5 5 6 6 6 7 7 7 7 7 7 8 8 8 8 8 8 8 8 7 7 8 8 8 8 8 8 8 8 7 8 8 7 7 6 6 6 6 6 6 7 7 6 6 6 6 6 7 7 6 6 5 5 5 6 5 6 5 6 5 5 5 5 5 5 5 6 6 6 6 6 5 5 5 7 6 6 6 5 6 6 5 8 8 6 5 5 5 5 5 5 6 8 5 5 5 5 6 6 6 5 5 5 4 4 4 4 4 4 5 5 5 4 4 4 4 7 4 4 4 4 4 4 4 8 7 5 4 4 5 5 5 4 5 7 4 4 4 4 4 4 4 4 4 4 4 4 4 4 4 4 4 4 4 4 4 4 4 6 4 4 4 4 4 4 4 8 8 5 4 4 4 4 4 4 5 7 4 4 4 4 4 3 4 4 4 4 4 5 5 5 5 5 5 5 5 5 5 6 6 7 6 6 6 6 6 6 6 9 9 6 5 5 5 5 5 5 9 9 6 6 6 5 5 5 5 4 4 4 5 6 5 5 5 6 6 6 6 7 7 6 6 6 7 7 7 7 7 8 7 7 7 7 7 7 7 7 7 7 7 7 7 6 6 6 6 6 6 6 7 7 7 8 7 7 7 7 7 7 8 7 7 9 9 8 8 8 8 8 7 7 8 8 8 9 9 10 9 9 9 8 8 8 8 9 9 9 9 9 9 9 9 9 8 8 7 7 7 7 7 8 8 9 8 9 9 9 10 9 9 9 8 8 8 8 8 8 8 8 9 8 9 9 10 10 10 10 10 9 9 9 9 9 9 8 7 7 7 7 7 7 8 8 8 9 9 9 9 9 9 9 9 9 9 8 9 8 6 5 5 5 5 5 5 5 5 5 5 6 8 8 7 7 7 7 8 7 7 7 6 2 7
0 0 0 0 1 1 0 1 1 1 0 -1 0 1 0 1 0 -1 1 1 1 0 -2 -2 -3 -3 -4 -1 -1 -1 0 1 1 1 0 1 1 0 1 2 1 0 -1 1 -1 1 0 -1 -1 -3 -2 -2 1 1 1 1 1 0 2 1 1 2 2 1 -1 0 0 2 1 0 -2 -2 -2 0 -1 -2 -2 -2 -2 -2 -2 -1 -2 -4 -3 -3 -2 -2 -2 -4 -5 -6 -6 -6 -6 -6 -5 -7 -4 -5 -6 -6 -5 -4 -4 -5 -5 -6 -6 -6 -6 -5 -5 -5 -6 -4 -4 -4 -3 -4 -4 0 2 2 2 2 2 2 2 4 5 5 5 6 6 6 6 6 6 6 6 6 6 6 6 6 6 6 6 6 5 5 5 4 4 4 3 3 3 3 2 2 2 3 5 5 5 7 5 5 7 7 8 9 9 9 9 9 10 9 9 9 9 9 9 9 8 6 6 7 8 7 7 7 7 7 6 6 7 7 7 7 7 7 8 10 10 11 11 11 11 10 12 12 12 12 13 13 13 13 13 13 13 13 12 12 12 12 10 10 9 10 10 10 10 10 9 8 8 9 10 10 10 12 12 12 12 12 13 13 13 13 13 13 13 13 14 13 13 13 13 13 13 13 13 13 12 12 13 11 11 11 12 11 11 11 11 11 10 8 10 10 11 11 11 11 11 10 11 12 13 13 13 13 13 13 13 13 13 13 13 13 13 13 13 13 13 13 13 13 11 9 10 9 9 9 9 10 10 12 10 11 12 13 12 11 12 11 11 11 8 10 10 11 12 12 12 12 12 11 11 11 11 11 11 10 10 10 9 9 9 9 9 9 7 8 8 7 7 7 7 7 8 8 8 7 7 7 7 7 7 7 9 8 8 9 9 10 10 10 10 10 10 9 9 10 10 10 10 10 9 9 10 10 11 11 11 10 12 11 12 11 12 12 12 12 12 12 12 11 11 11 11 11 12 12 12 10 11 11 11 12 11 11 12 9 9 11 12 12 12 12 12 12 10 8 11 11 11 11 10 10 10 11 12 12 13 13 13 13 13 13 12 12 12 13 13 13 13 10 14 14 14 14 14 14 14 9 10 13 14 14 13 12 13 14 12 10 13 13 13 14 13 13 13 13 13 13 13 13 13 13 13 13 13 13 13 13 13 13 13 11 13 13 13 13 13 13 13 9 9 12 13 13 13 13 13 13 12 10 13 13 13 13 13 14 13 12 12 12 12 11 11 11 11 11 11 11 11 11 11 10 10 9 10 10 10 10 10 10 10 7 7 10 11 11 11 11 11 10 6 6 9 9 9 10 10 10 10 11 12 12 11 9 11 11 11 9 9 9 9 8 9 9 9 9 8 8 8 8 8 7 8 8 8 8 8 8 8 8 7 7 7 7 7 9 9 9 9 9 9 9 7 7 7 6 7 7 7 7 7 7 6 7 7 5 4 6 6 4 4 3 5 5 4 4 4 3 3 1 2 2 2 3 3 3 3 2 2 2 2 2 2 2 2 2 3 4 5 5 5 5 4 3 3 1 2 1 1 1 0 1 0 0 2 2 2 1 1 2 1 2 0 2 0 0 -1 -1 0 0 0 1 0 0 0 0 0 2 5 5 5 5 5 5 4 4 4 2 2 2 2 3 3 3 2 3 2 3 1 3 5 6 6 6 6 6 6 6 6 6 6 5 3 3 4 5 5 5 3 5 5 4 6 0 0
